$ 1 0.000005 10.20027730826997 50 5 50 5e-11
d 144 224 256 224 2 default
d 256 352 256 224 2 default
r 256 224 336 224 0 1000
t 336 224 384 224 0 1 -3.4999993812605505 -0.00017089182460260313 100 default
r 384 208 384 144 0 10000
r 384 144 384 80 0 100000
f 480 80 480 144 41 1.5 0.02
w 464 144 384 144 0
w 384 80 480 80 0
t 480 224 560 224 0 1 0.6681757777850714 0.686131198475106 100 default
w 560 208 560 80 0
w 560 80 480 80 0
w 480 224 480 320 0
r 384 320 416 320 0 10000
d 416 320 480 320 2 default
w 384 240 384 320 0
r 384 320 384 368 0 1000
g 384 368 384 384 0 0
r 480 320 480 368 0 100000
g 480 368 480 384 0 0
r 480 320 544 320 0 220
g 560 240 560 256 0 0
R 384 144 144 144 0 0 40 3.5 0 0 0.5
d 576 320 544 320 2 default
L 576 320 608 320 0 1 false 5 0
L 256 352 288 352 0 0 false 5 0
L 144 224 112 224 0 0 false 3.3 0
r 496 144 496 176 0 390
g 496 176 496 192 0 0
